Media: 0.13082460281378572
Error: 0.02013554670086203
